15 15
17 34 100 119 124 78 108 112 14 5 95 31 27 61 41 
92 27 36 141 54 2 3 142 82 21 116 68 95 47 126 
138 69 112 17 49 85 144 53 111 122 33 123 14 141 61 
118 47 44 112 57 87 109 23 141 79 28 16 35 140 42 
106 40 92 64 148 146 105 140 129 70 50 6 51 93 98 
23 84 4 6 140 16 26 131 58 144 39 26 73 137 88 
132 129 41 33 65 139 108 54 30 27 56 23 36 71 95 
22 120 129 77 123 147 12 136 90 11 36 5 17 105 124 
52 50 100 141 124 16 130 57 41 7 87 7 137 3 33 
59 109 8 71 138 122 46 56 130 63 68 0 41 12 5 
59 24 137 98 33 145 141 2 50 91 86 74 70 96 21 
99 18 34 31 84 53 49 18 38 0 38 127 17 128 43 
133 107 21 60 17 13 64 59 116 35 51 50 149 19 56 
3 74 58 144 59 139 2 45 85 93 93 73 87 64 53 
0 108 18 30 146 98 131 89 98 109 7 72 72 88 142 


15 1

41 
145 
71 
53 
138 
129 
68 
74 
131 
95 
10 
48 
48 
148 
98 