1 2 10 1 3 
44 5 61 12 12 
7 8 9 21 32 
1 2 3 4 -12 
-1 232 23 2 1 

0.0224281 0.00850904 0.971995 0.13107 0.193577 
0.986835 0.0169574 0.000953698 -0.160444 -0.0112343 
0.156996 0.0337242 -0.168775 0.955532 0.1808 
0.0224281 0.00850904 0.163477 0.207333 -0.964216 
-0.0224281 0.999215 -0.00398928 -0.0324088 0.000651084 

44.587 1.07655 61.3856 15.2062 16.6416 
0 232.206 24.4305 2.95267 2.2053 
0 0 8.65783 -1.9149 -4.43909 
0 0 0 19.0364 26.5245 
0 0 0 0 17.8028 

0 -4.44089e-16 0 -2.22045e-16 0 
0 8.88178e-16 0 0 0 
0 -1.77636e-15 0 0 0 
0 -4.44089e-16 0 0 1.77636e-15 
0 0 0 0 0 

1 0 1.08381e-15 2.1066e-16 1.7066e-17 
0 1 -6.45317e-16 -7.63278e-17 -6.28837e-17 
1.08381e-15 -6.45317e-16 1 -7.98298e-16 1.72295e-16 
2.1066e-16 -7.63278e-17 -7.98298e-16 1 -1.47164e-16 
1.7066e-17 -6.28837e-17 1.72295e-16 -1.47164e-16 1 

-0.160167 0.0275264 -0.00387457 -0.0227545 0.00111728 
-0.0121675 0.000373128 0.00025482 -0.00162152 0.00441239 
0.116015 -0.00188305 -0.00631466 0.0102124 -0.000829835 
-0.0082653 -0.007549 0.0360444 0.0863569 -0.00175342 
0.0108734 -0.000631042 0.0101557 -0.0541611 3.65721e-05 

-0.160167 0.0275264 -0.00387457 -0.0227545 0.00111728 
-0.0121675 0.000373128 0.00025482 -0.00162152 0.00441239 
0.116015 -0.00188305 -0.00631466 0.0102124 -0.000829835 
-0.0082653 -0.007549 0.0360444 0.0863569 -0.00175342 
0.0108734 -0.000631042 0.0101557 -0.0541611 3.65721e-05 

1 1 1 1 1 
1 2 4 8 16 
1 3 9 27 81 
1 4 16 64 256 
1 5 25 125 625 

12 
-10.3333 
2.08333 
0.333333 
-0.0833333 

12 
-10.3333 
2.08333 
0.333333 
-0.0833333 

运行时间：12
