-512 : -512
-1 : -1
0 : 0
1 : 1
512 : 512
19683 : 19683
262144 : 262144
1953125 : 1953125
10077696 : 10077696
40353607 : 40353607
用两种方法求根: 
2.03125
1.999999999985448
0
-5.798028723802418e-12
3.183231456205249e-12
1.818989403545856e-12
-2.899014361901209e-12
4.661160346586257e-12
-1.193711796076968e-12
-5.229594535194337e-12
-4.263256414560601e-12
-1.989519660128281e-12
6.252776074688882e-12
-2.614797267597169e-12
1.591615728102624e-12
2.046363078989089e-12
2.273736754432321e-12
2.501110429875553e-12
3.410605131648481e-12
-3.808509063674137e-12
1.250555214937776e-12
-5.059064278611913e-12
3.979039320256561e-12
-7.958078640513122e-13
7.275957614183426e-12
-6.252776074688882e-12
-6.252776074688882e-13
3.069544618483633e-12
5.229594535194337e-12
3.069544618483633e-12
-2.501110429875553e-12
-7.389644451905042e-13
-2.501110429875553e-12
-3.808509063674137e-12
-3.694822225952521e-12
6.821210263296962e-13
1.13686837721616e-13
-8.01492205937393e-12
1.250555214937776e-12
-1.13686837721616e-13
7.958078640513122e-13
-1.534772309241816e-12
-3.353761712787673e-12
5.229594535194337e-12
-6.252776074688882e-13
3.524291969370097e-12
2.614797267597169e-12
-1.648459146963432e-12
0
1.70530256582424e-12
-4.604316927725449e-12
2.501110429875553e-12
-1.818989403545856e-12
8.29913915367797e-12
-2.842170943040401e-12
-3.353761712787673e-12
-1.762145984685048e-12
-8.526512829121202e-13
-6.650680006714538e-12
8.981260180007666e-12
-3.069544618483633e-12
-2.955857780762017e-12
2.046363078989089e-12
-7.617018127348274e-12
7.958078640513122e-13
7.958078640513122e-13
9.094947017729282e-13
5.229594535194337e-12
-6.821210263296962e-13
0
1.591615728102624e-12
5.570655048359185e-12
-5.968558980384842e-12
-7.219114195322618e-12
5.684341886080801e-13
3.637978807091713e-12
3.296918293926865e-12
2.273736754432321e-13
3.751665644813329e-12
-5.570655048359185e-12
2.387423592153937e-12
5.343281372915953e-12
-1.364242052659392e-12
3.524291969370097e-12
8.640199666842818e-12
4.433786671143025e-12
2.728484105318785e-12
-3.410605131648481e-13
-5.968558980384842e-12
-1.932676241267473e-12
-1.250555214937776e-12
3.524291969370097e-12
-4.490630090003833e-12
-3.353761712787673e-12
-4.490630090003833e-12
-4.547473508864641e-12
-4.092726157978177e-12
3.751665644813329e-12
-5.513811629498377e-12
3.296918293926865e-12
6.821210263296962e-13
9.094947017729282e-13
-3.751665644813329e-12
-2.842170943040401e-13
-8.526512829121202e-13
-4.035882739117369e-12
-3.353761712787673e-12
-2.330580173293129e-12
-1.70530256582424e-13
-3.126388037344441e-12
3.410605131648481e-13
-1.818989403545856e-12
1.13686837721616e-13
-5.115907697472721e-13
2.046363078989089e-12
-2.501110429875553e-12
-3.126388037344441e-12
2.387423592153937e-12
-1.477928890381008e-12
3.865352482534945e-12
-9.663381206337363e-13
5.115907697472721e-12
-2.842170943040401e-12
-9.663381206337363e-13
7.16227077646181e-12
-7.389644451905042e-12
2.728484105318785e-12
1.932676241267473e-12
-3.637978807091713e-12
-2.046363078989089e-12
-2.273736754432321e-13
-2.273736754432321e-13
2.273736754432321e-13
7.16227077646181e-12
-3.183231456205249e-12
9.094947017729282e-13
2.046363078989089e-12
-5.059064278611913e-12
-1.307398633798584e-12
-2.899014361901209e-12
6.252776074688882e-12
2.273736754432321e-12
3.410605131648481e-13
3.183231456205249e-12
-9.094947017729282e-13
-3.183231456205249e-12
-4.547473508864641e-13
-7.958078640513122e-13
-5.684341886080801e-12
-2.387423592153937e-12
-2.444267011014745e-12
1.13686837721616e-12
-1.534772309241816e-12
-2.614797267597169e-12
4.320099833421409e-12
-1.534772309241816e-12
9.094947017729282e-13
6.252776074688882e-12
-4.092726157978177e-12
-7.389644451905042e-13
-6.252776074688882e-13
7.16227077646181e-12
-9.094947017729282e-13
-6.707523425575346e-12
-7.332801033044234e-12
6.821210263296962e-13
-1.4210854715202e-12
-6.366462912410498e-12
-1.818989403545856e-12
3.751665644813329e-12
2.160049916710705e-12
7.73070496506989e-12
5.002220859751105e-12
2.614797267597169e-12
8.640199666842818e-12
5.115907697472721e-12
-4.718003765447065e-12
-4.149569576838985e-12
-2.785327524179593e-12
3.979039320256561e-12
2.614797267597169e-12
-3.353761712787673e-12
-2.614797267597169e-12
1.70530256582424e-12
1.364242052659392e-12
-3.353761712787673e-12
-7.503331289626658e-12
5.684341886080801e-13
-1.818989403545856e-12
-3.069544618483633e-12
5.229594535194337e-12
-1.4210854715202e-12
1.932676241267473e-12
-1.193711796076968e-12
-1.648459146963432e-12
-2.842170943040401e-13
6.139089236967266e-12
-5.684341886080801e-13
-8.185452315956354e-12
-6.707523425575346e-12
-2.387423592153937e-12
-2.785327524179593e-12
-7.787548383930698e-12
-2.273736754432321e-12
-1.023181539494544e-12
1.13686837721616e-12
-2.842170943040401e-12
-1.307398633798584e-12
2.273736754432321e-12
9.094947017729282e-13
3.865352482534945e-12
-4.092726157978177e-12
2.501110429875553e-12
2.728484105318785e-12
2.728484105318785e-12
-3.012701199622825e-12
7.958078640513122e-13
1.13686837721616e-13
-1.989519660128281e-12
-1.13686837721616e-13
1.250555214937776e-12
1.70530256582424e-12
-6.252776074688882e-13
4.888534022029489e-12
-1.250555214937776e-12
1.13686837721616e-12
-5.684341886080801e-13
-1.250555214937776e-12
-9.208633855450898e-12
2.614797267597169e-12
-2.557953848736361e-12
-5.286437954055145e-12
9.890754881780595e-12
5.229594535194337e-12
-1.70530256582424e-13
-2.785327524179593e-12
8.86757334228605e-12
-4.149569576838985e-12
1.70530256582424e-12
-3.410605131648481e-12
-9.663381206337363e-13
-2.444267011014745e-12
4.888534022029489e-12
4.774847184307873e-12
5.343281372915953e-12
6.707523425575346e-12
2.728484105318785e-12
7.73070496506989e-12
4.547473508864641e-13
-1.307398633798584e-12
-2.444267011014745e-12
2.842170943040401e-12
4.092726157978177e-12
-4.263256414560601e-12
1.250555214937776e-12
-8.981260180007666e-12
3.410605131648481e-13
8.753886504564434e-12
-1.193711796076968e-12
-5.002220859751105e-12
-1.818989403545856e-12
-4.547473508864641e-13
-6.59383658785373e-12
-7.105427357601002e-12
-3.126388037344441e-12
6.934897101018578e-12
-1.875832822406664e-12
5.002220859751105e-12
-1.989519660128281e-12
7.73070496506989e-12
-2.842170943040401e-13
9.094947017729282e-13
-6.707523425575346e-12
-1.13686837721616e-13
-6.650680006714538e-12
-6.139089236967266e-12
-4.945377440890297e-12
-2.387423592153937e-12
4.320099833421409e-12
-1.080024958355352e-12
5.456968210637569e-12
6.59383658785373e-12
-2.444267011014745e-12
-3.126388037344441e-12
1.477928890381008e-12
-4.320099833421409e-12
-9.663381206337363e-13
5.343281372915953e-12
2.387423592153937e-12
-5.059064278611913e-12
3.069544618483633e-12
-1.080024958355352e-12
1.477928890381008e-12
4.206412995699793e-12
0
1.477928890381008e-12
-2.387423592153937e-12
2.842170943040401e-12
9.890754881780595e-12
-3.240074875066057e-12
-2.444267011014745e-12
4.206412995699793e-12
4.433786671143025e-12
1.932676241267473e-12
-3.751665644813329e-12
-3.410605131648481e-12
4.320099833421409e-12
8.86757334228605e-12
-1.364242052659392e-12
6.821210263296962e-13
3.296918293926865e-12
4.888534022029489e-12
4.774847184307873e-12
-1.13686837721616e-13
-9.379164112033322e-12
4.206412995699793e-12
-3.524291969370097e-12
-5.343281372915953e-12
-1.307398633798584e-12
-3.183231456205249e-12
7.275957614183426e-12
2.614797267597169e-12
-6.423306331271306e-12
-2.387423592153937e-12
-1.4210854715202e-12
-8.185452315956354e-12
5.911715561524034e-12
-3.979039320256561e-13
-3.637978807091713e-12
-5.456968210637569e-12
-7.958078640513122e-13
0
4.661160346586257e-12
8.412825991399586e-12
-5.286437954055145e-12
2.273736754432321e-13
-2.046363078989089e-12
-3.410605131648481e-13
5.911715561524034e-12
-4.149569576838985e-12
-2.160049916710705e-12
-9.265477274311706e-12
3.637978807091713e-12
6.02540239924565e-12
-3.524291969370097e-12
1.591615728102624e-12
2.273736754432321e-12
6.821210263296962e-13
-7.219114195322618e-12
1.591615728102624e-12
3.410605131648481e-12
-1.762145984685048e-12
-2.671640686457977e-12
4.547473508864641e-13
2.160049916710705e-12
2.046363078989089e-12
-5.456968210637569e-12
-6.252776074688882e-13
4.320099833421409e-12
-4.206412995699793e-12
-4.376943252282217e-12
2.955857780762017e-12
6.821210263296962e-13
-1.989519660128281e-12
-1.13686837721616e-13
7.048583938740194e-12
-8.242295734817162e-12
2.046363078989089e-12
-1.364242052659392e-12
3.865352482534945e-12
6.707523425575346e-12
-1.080024958355352e-12
-4.604316927725449e-12
-1.068656274583191e-11
3.069544618483633e-12
-1.023181539494544e-12
3.069544618483633e-12
7.275957614183426e-12
2.046363078989089e-12
-3.410605131648481e-13
5.343281372915953e-12
6.139089236967266e-12
5.229594535194337e-12
3.296918293926865e-12
-8.355982572538778e-12
-4.206412995699793e-12
-2.557953848736361e-12
-5.002220859751105e-12
-3.694822225952521e-12
2.160049916710705e-12
-3.694822225952521e-12
3.524291969370097e-12
-9.43600753089413e-12
5.229594535194337e-12
6.934897101018578e-12
-3.979039320256561e-12
-7.958078640513122e-13
-2.671640686457977e-12
-5.115907697472721e-13
2.046363078989089e-12
-9.663381206337363e-13
-2.046363078989089e-12
-3.637978807091713e-12
-5.002220859751105e-12
4.433786671143025e-12
2.046363078989089e-12
7.958078640513122e-13
9.890754881780595e-12
1.932676241267473e-12
1.023181539494544e-12
-3.808509063674137e-12
2.273736754432321e-13
-4.263256414560601e-12
2.614797267597169e-12
-7.787548383930698e-12
4.774847184307873e-12
-1.097077984013595e-11
-4.433786671143025e-12
-4.831690603168681e-12
1.023181539494544e-12
-3.979039320256561e-12
-1.4210854715202e-12
-1.932676241267473e-12
-3.865352482534945e-12
-2.387423592153937e-12
4.547473508864641e-13
2.728484105318785e-12
1.250555214937776e-12
6.252776074688882e-12
6.707523425575346e-12
2.842170943040401e-12
7.389644451905042e-12
3.751665644813329e-12
6.821210263296962e-13
-6.821210263296962e-13
1.102762325899675e-11
2.273736754432321e-12
2.273736754432321e-13
-9.094947017729282e-13
-2.273736754432321e-13
0
-4.888534022029489e-12
-1.534772309241816e-12
-3.126388037344441e-12
3.524291969370097e-12
5.684341886080801e-13
9.208633855450898e-12
6.139089236967266e-12
-4.661160346586257e-12
-8.526512829121202e-13
-4.604316927725449e-12
7.16227077646181e-12
5.570655048359185e-12
-3.410605131648481e-13
-6.934897101018578e-12
-3.637978807091713e-12
-8.526512829121202e-13
-1.989519660128281e-12
4.547473508864641e-12
-2.273736754432321e-12
1.023181539494544e-12
-2.216893335571513e-12
4.547473508864641e-13
2.160049916710705e-12
-2.216893335571513e-12
9.094947017729282e-12
2.842170943040401e-12
-2.842170943040401e-13
-5.684341886080801e-14
-4.035882739117369e-12
8.526512829121202e-12
-7.275957614183426e-12
2.614797267597169e-12
7.844391802791506e-12
2.046363078989089e-12
3.183231456205249e-12
2.728484105318785e-12
-1.875832822406664e-12
4.888534022029489e-12
3.410605131648481e-12
-7.503331289626658e-12
-1.932676241267473e-12
0
8.29913915367797e-12
1.818989403545856e-12
3.410605131648481e-12
1.13686837721616e-12
1.932676241267473e-12
-9.663381206337363e-13
2.387423592153937e-12
2.955857780762017e-12
2.387423592153937e-12
4.433786671143025e-12
2.160049916710705e-12
6.707523425575346e-12
-2.955857780762017e-12
-3.751665644813329e-12
9.094947017729282e-13
5.002220859751105e-12
2.273736754432321e-13
7.617018127348274e-12
2.955857780762017e-12
5.115907697472721e-12
3.637978807091713e-12
1.364242052659392e-11
3.296918293926865e-12
1.250555214937776e-12
3.524291969370097e-12
3.524291969370097e-12
3.410605131648481e-13
3.637978807091713e-12
1.193711796076968e-11
6.934897101018578e-12
3.410605131648481e-13
-3.410605131648481e-12
-5.684341886080801e-14
-1.932676241267473e-12
9.777068044058979e-12
8.753886504564434e-12
2.614797267597169e-12
-1.818989403545856e-12
-3.524291969370097e-12
-3.183231456205249e-12
3.865352482534945e-12
7.958078640513122e-13
1.477928890381008e-12
-6.252776074688882e-13
8.071765478234738e-12
1.239186531165615e-11
8.412825991399586e-12
1.114131009671837e-11
7.503331289626658e-12
-1.591615728102624e-12
3.069544618483633e-12
8.412825991399586e-12
-5.684341886080801e-14
-4.831690603168681e-12
8.29913915367797e-12
-2.842170943040401e-12
3.751665644813329e-12
2.614797267597169e-12
2.842170943040401e-12
5.798028723802418e-12
9.549694368615746e-12
3.979039320256561e-12
0
4.547473508864641e-13
-6.821210263296962e-13
3.296918293926865e-12
1.034550223266706e-11
4.092726157978177e-12
-3.637978807091713e-12
5.911715561524034e-12
3.524291969370097e-12
6.934897101018578e-12
-1.250555214937776e-12
5.911715561524034e-12
2.614797267597169e-12
1.182343112304807e-11
4.888534022029489e-12
1.296029950026423e-11
3.410605131648481e-12
1.932676241267473e-12
7.389644451905042e-12
-5.684341886080801e-13
8.753886504564434e-12
7.275957614183426e-12
3.183231456205249e-12
4.433786671143025e-12
8.29913915367797e-12
9.094947017729282e-13
4.547473508864641e-12
8.185452315956354e-12
5.911715561524034e-12
-6.252776074688882e-13
9.890754881780595e-12
4.320099833421409e-12
1.034550223266706e-11
4.206412995699793e-12
1.227817847393453e-11
1.466560206608847e-11
1.023181539494544e-11
3.183231456205249e-12
7.617018127348274e-12
1.13686837721616e-12
8.981260180007666e-12
6.821210263296962e-12
1.102762325899675e-11
1.068656274583191e-11
6.821210263296962e-12
5.115907697472721e-12
3.751665644813329e-12
5.684341886080801e-12
5.911715561524034e-12
6.821210263296962e-13
1.398348103975877e-11
3.410605131648481e-12
1.068656274583191e-11
1.034550223266706e-11
1.2732925824821e-11
1.011812855722383e-11
1.091393642127514e-11
1.193711796076968e-11
1.114131009671837e-11
1.455191522836685e-11
1.159605744760484e-11
9.890754881780595e-12
1.398348103975877e-11
1.330136001342908e-11
1.148237060988322e-11
1.546140993013978e-11
1.762145984685048e-11
5.115907697472721e-12
1.602984411874786e-11
1.48929757415317e-11
1.909938873723149e-11
1.546140993013978e-11
1.648459146963432e-11
1.000444171950221e-11
7.275957614183426e-12
1.55750967678614e-11
1.080024958355352e-11
5.456968210637569e-12
1.170974428532645e-11
1.966782292583957e-11
8.526512829121202e-12
1.409716787748039e-11
1.455191522836685e-11
1.386979420203716e-11
1.77351466845721e-11
7.048583938740194e-12
1.625721779419109e-11
2.034994395216927e-11
1.352873368887231e-11
7.958078640513122e-12
1.386979420203716e-11
1.602984411874786e-11
1.307398633798584e-11
1.796252036001533e-11
1.523403625469655e-11
1.55750967678614e-11
1.944044925039634e-11
2.250999386887997e-11
2.012257027672604e-11
1.659827830735594e-11
1.534772309241816e-11
1.875832822406664e-11
1.602984411874786e-11
2.239630703115836e-11
2.557953848736361e-11
2.205524651799351e-11
1.966782292583957e-11
2.228262019343674e-11
2.501110429875553e-11
1.682565198279917e-11
1.818989403545856e-11
2.989963832078502e-11
2.160049916710705e-11
1.955413608811796e-11
2.76259015663527e-11
1.864464138634503e-11
2.091837814077735e-11
2.467004378559068e-11
2.432898327242583e-11
2.330580173293129e-11
2.796696207951754e-11
1.818989403545856e-11
3.478817234281451e-11
3.04680725093931e-11
2.512479113647714e-11
3.137756721116602e-11
2.876276994356886e-11
1.853095454862341e-11
2.876276994356886e-11
2.398792275926098e-11
3.126388037344441e-11
3.660716174636036e-11
3.103650669800118e-11
2.683009370230138e-11
2.739852789090946e-11
3.512923285597935e-11
2.512479113647714e-11
3.569766704458743e-11
3.387867764104158e-11
4.001776687800884e-11
3.26281224261038e-11
2.796696207951754e-11
3.353761712787673e-11
3.706190909724683e-11
3.603872755775228e-11
3.365130396559834e-11
3.115019353572279e-11
3.54702933691442e-11
3.89945853385143e-11
3.274180926382542e-11
2.773958840407431e-11
3.54702933691442e-11
3.967670636484399e-11
4.320099833421409e-11
4.558842192636803e-11
3.558398020686582e-11
4.058620106661692e-11
3.89945853385143e-11
4.308731149649248e-11
4.877165338257328e-11
4.592948243953288e-11
4.422417987370864e-11
4.285993782104924e-11
3.922195901395753e-11
5.013589543523267e-11
4.376943252282217e-11
4.411049303598702e-11
4.695266397902742e-11
4.570210876408964e-11
4.445155354915187e-11
4.797584551852196e-11
5.059064278611913e-11
5.616129783447832e-11
5.047695594839752e-11
5.10453901370056e-11
5.240963218966499e-11
3.876721166307107e-11
5.434230843093246e-11
5.616129783447832e-11
4.104094841750339e-11
5.809397407574579e-11
5.707079253625125e-11
5.979927664157003e-11
5.979927664157003e-11
5.820766091346741e-11
5.309175321599469e-11
6.52562448522076e-11
6.150457920739427e-11
6.843947630841285e-11
6.45741238258779e-11
5.854872142663226e-11
6.02540239924565e-11
6.730260793119669e-11
6.798472895752639e-11
5.707079253625125e-11
6.673417374258861e-11
7.128164725145325e-11
6.002665031701326e-11
7.685230229981244e-11
6.59383658785373e-11
8.117240213323385e-11
6.02540239924565e-11
6.150457920739427e-11
6.866684998385608e-11
7.560174708487466e-11
7.491962605854496e-11
7.889866537880152e-11
6.957634468562901e-11
7.821654435247183e-11
7.901235221652314e-11
7.753442332614213e-11
7.912603905424476e-11
7.116796041373163e-11
8.822098607197404e-11
8.662937034387141e-11
8.049028110690415e-11
8.674305718159303e-11
7.969447324285284e-11
8.458300726488233e-11
9.163159120362252e-11
8.719780453247949e-11
9.742961992742494e-11
8.765255188336596e-11
8.469669410260394e-11
9.561063052387908e-11
9.492850949754938e-11
1.027729013003409e-10
9.742961992742494e-11
9.038103598868474e-11
9.936229616869241e-11
9.333689376944676e-11
1.068656274583191e-10
1.086846168618649e-10
1.031139618135057e-10
1.089119905373082e-10
1.139142113970593e-10
9.447376214666292e-11
1.053876985679381e-10
1.027729013003409e-10
1.103899194276892e-10
1.172111296909861e-10
1.032276486512274e-10
1.143689587479457e-10
1.1607426131377e-10
1.180069375550374e-10
1.152784534497187e-10
1.189164322568104e-10
1.220996637130156e-10
1.197122401208617e-10
1.189164322568104e-10
1.220996637130156e-10
1.28807187138591e-10
1.231228452525102e-10
1.300577423535287e-10
1.326725396211259e-10
1.275566319236532e-10
1.267608240596019e-10
1.419948603142984e-10
1.311946107307449e-10
1.409716787748039e-10
1.349462763755582e-10
1.432454155292362e-10
1.484750100644305e-10
1.351736500510015e-10
1.44495970744174e-10
1.493845047662035e-10
1.447233444196172e-10
1.493845047662035e-10
1.573425834067166e-10
1.562057150295004e-10
1.614353095646948e-10
1.624584911041893e-10
1.622311174287461e-10
1.54841472976841e-10
1.659827830735594e-10
1.647322278586216e-10
1.673470251262188e-10
1.692797013674863e-10
1.693933882052079e-10
1.69052327692043e-10
1.781472747097723e-10
1.779199010343291e-10
1.821263140300289e-10
1.700755092315376e-10
1.824673745431937e-10
1.759872247930616e-10
1.949729266925715e-10
1.865601007011719e-10
1.78829395736102e-10
1.840589902712964e-10
1.914486347232014e-10
1.913349478854798e-10
2.003162080654874e-10
1.961097950697877e-10
1.999751475523226e-10
2.030446921708062e-10
2.108890839735977e-10
2.146407496184111e-10
2.104343366227113e-10
2.099795892718248e-10
2.131628207280301e-10
2.247588781756349e-10
2.122533260262571e-10
2.146407496184111e-10
2.163460521842353e-10
2.154365574824624e-10
2.349906935705803e-10
2.301021595485508e-10
2.335127646801993e-10
2.416982169961557e-10
2.372644303250127e-10
2.477236193954013e-10
2.517026587156579e-10
2.462456905050203e-10
2.514752850402147e-10
2.51361598202493e-10
2.532942744437605e-10
2.55226950685028e-10
2.601154847070575e-10
2.588649294921197e-10
2.645492713782005e-10
2.692104317247868e-10
2.705746737774462e-10
2.784190655802377e-10
2.725073500187136e-10
2.852402758435346e-10
2.862634573830292e-10
2.837623469531536e-10
2.928572939708829e-10
2.975184543174691e-10
3.042259777430445e-10
2.960405254270881e-10
2.992237568832934e-10
3.024069883394986e-10
3.020659278263338e-10
3.183231456205249e-10
3.066134013351984e-10
3.24803295370657e-10
3.103650669800118e-10
3.160494088660926e-10
3.228706191293895e-10
3.371951606823131e-10
3.208242560504004e-10
3.406057658139616e-10
3.490185918053612e-10
3.371951606823131e-10
3.558398020686582e-10
3.483364707790315e-10
3.536797521519475e-10
3.590230335248634e-10
3.652758095995523e-10
3.631157596828416e-10
3.714148988365196e-10
3.759623723453842e-10
3.839204509858973e-10
3.766444933717139e-10
3.874447429552674e-10
3.947207005694509e-10
3.927880243281834e-10
3.921059033018537e-10
3.908553480869159e-10
4.058620106661692e-10
4.114326657145284e-10
4.175717549514957e-10
4.204139258945361e-10
4.185949364909902e-10
4.218918547849171e-10
4.243929652147926e-10
4.254161467542872e-10
4.405364961712621e-10
4.38490133092273e-10
4.558842192636803e-10
4.564526534522884e-10
4.584990165312774e-10
4.552020982373506e-10
4.666844688472338e-10
4.573621481540613e-10
4.65433913632296e-10
4.818048182642087e-10
4.910134521196596e-10
4.822595656150952e-10
4.816911314264871e-10
4.973799150320701e-10
4.993125912733376e-10
4.943103704135865e-10
4.979483492206782e-10
5.09544406668283e-10
5.146603143657558e-10
5.194351615500636e-10
5.302354111336172e-10
5.395577318267897e-10
5.412630343926139e-10
5.546780812437646e-10
5.580886863754131e-10
5.610445441561751e-10
5.629772203974426e-10
5.740048436564393e-10
5.753690857090987e-10
5.876472641830333e-10
5.804849934065714e-10
5.932179192313924e-10
5.89807314099744e-10
6.077698344597593e-10
6.009486241964623e-10
6.098161975387484e-10
6.102709448896348e-10
6.258460416574962e-10
6.290292731137015e-10
6.334630597848445e-10
6.467644197982736e-10
6.425580068025738e-10
6.549498721142299e-10
6.707523425575346e-10
6.610889613511972e-10
6.764366844436154e-10
6.752998160663992e-10
6.85417944623623e-10
6.984919309616089e-10
7.019025360932574e-10
7.054268280626275e-10
7.04972080711741e-10
7.242988431244157e-10
7.231619747471996e-10
7.318021744140424e-10
7.412381819449365e-10
7.331664164667018e-10
7.507878763135523e-10
7.601101970067248e-10
7.664766599191353e-10
7.700009518885054e-10
7.826201908756047e-10
7.880771590862423e-10
7.922835720819421e-10
7.999005902092904e-10
7.978542271303013e-10
8.183178579201922e-10
8.21046342025511e-10
8.420784070040099e-10
8.469669410260394e-10
8.399183570872992e-10
8.560618880437687e-10
8.718643584870733e-10
8.802771844784729e-10
8.842562237987295e-10
8.910774340620264e-10
8.989218258648179e-10
9.041514204000123e-10
9.013092494569719e-10
9.206360118696466e-10
9.34733179747127e-10
9.367795428261161e-10
9.390532795805484e-10
9.526957001071423e-10
9.728182703838684e-10
9.770246833795682e-10
9.792984201340005e-10
9.868017514236271e-10
434
运行时间：32
